Background5_File1: 0.419252 
Background5_File2: 0.204255 
Background5_File3: 0.407288 
Background5_File4: 0.279959 
Background5_File5: 0.373999 
Background5_File6: 0.488031 
Background5_File7: 0.454185 
Background5_File8: 0.463177 
Background5_File9: 0.405386 
Background5_File10: 0.624913 
Background5_File11: 0.042877 
Background5_File12: 0.110548 
Background5_File13: 0.000000 
Background5_File14: 0.552460 
Background5_File15: 0.175053 
Background5_File16: 0.410692 
Background5_File17: 0.015565 
Background5_File18: 0.408258 
Background5_File19: 0.447700 
Background5_File20: 0.453615 
Background5_File21: 0.464737 
Background5_File22: 0.380177 
Background5_File23: 0.502359 
Background5_File24: 0.358804 
Background5_File25: 0.311188 
Background5_File26: 0.490883 
Background5_File27: 0.016099 
Background5_File28: 0.062252 
Background5_File29: 0.047539 
Background5_File30: 0.500233 
